10 8 4
3 (2 (4 12) (3 10)) (2 (1 6) (7 5)) (1 (5 16))
3 (2 (8 14) (3 12)) (1 (2 18)) (2 (1 9) (4 10))
4 (2 (7 5) (3 6)) (1 (2 7)) (1 (1 10)) (1 (3 8))
1 (2 (1 12) (6 15))
3 (2 (2 6) (3 8)) (1 (8 12)) (1 (6 9))
2 (2 (5 4) (7 6)) (1 (4 12))
4 (1 (3 8)) (1 (8 12)) (1 (7 5)) (2 (1 9) (2 11))
6 (1 (3 16)) (1 (8 11)) (3 (1 5) (4 6) (6 7)) (1 (5 12)) (2 (2 8) (7 10)) (1 (4 13)))
2 (1 (6 7)) (3 (2 10) (4 13) (8 14))
6 (1 (1 11)) (1 (8 7)) (2 (3 17) (7 14)) (1 (6 5)) (1 (2 9)) (2 (6 10) (5 8))
5x5
1 4 6 8 10 13 16 19 23 25
(8 13) (19 20)